9.75e-06
8e-06
9.75e-06
8.5e-06
6.5000000000000004e-06
1.05e-05
6e-06
3.7499999999999997e-06
1.2750000000000002e-05
9.999999999999999e-06
6.75e-06
6e-06
1.025e-05
7.25e-06
5.5e-06
6.5000000000000004e-06
7.75e-06
4.75e-06
7.75e-06
8.25e-06
9e-06
4.25e-06
6e-06
1.025e-05
1.225e-05
6.25e-06
4.5e-06
8.000000000000001e-06
8.5e-06
1.3500000000000001e-05
6.75e-06
6.5000000000000004e-06
7.500000000000001e-06
4e-06
6e-06
6.5000000000000004e-06
1.6000000000000003e-05
6.25e-06
9.250000000000001e-06
9.25e-06
8.75e-06
7.000000000000001e-06
6.5e-06
5.749999999999999e-06
8.666666666666668e-06
6e-06
5.25e-06
1.175e-05
7e-06
6e-06
1.0749999999999999e-05
5.75e-06
8.25e-06
6.749999999999999e-06
7e-06
7.25e-06
6.5e-06
4.000000000000001e-06
4.3599999999999996e-05
6.5e-06
4e-06
3.5e-06
8e-06
6e-06
4.749999999999999e-06
1.35e-05
4.25e-06
1.55e-05
7.3999999999999995e-06
8e-06
7.25e-06
8e-06
5.2500000000000006e-06
7.25e-06
4.220000000000001e-05
6.75e-06
7.499999999999999e-06
6.75e-06
6.2499999999999995e-06
8.5e-06
7.499999999999999e-06
9.75e-06
7e-06
1.475e-05
7.000000000000001e-06
6e-06
5.5e-06
7.500000000000001e-06
7.499999999999999e-06
5.750000000000001e-06
0.000155
1.075e-05
1.0249999999999998e-05
7.25e-06
7.749999999999999e-06
6.25e-06
4.75e-06
6.250000000000001e-06
5e-06
8e-06
7.75e-06
1.35e-05
7e-06
7.249999999999999e-06
1.15e-05
6.5000000000000004e-06
7.25e-06
5.333333333333333e-06
3.5000000000000004e-06
7.75e-06
8.4e-06
4.9999999999999996e-06
4e-06
7.499999999999999e-06
9.25e-06
7.75e-06
5.2500000000000006e-06
4.9999999999999996e-06
8e-06
9.666666666666667e-06
4.9999999999999996e-06
6.2499999999999995e-06
8.75e-06
1.425e-05
5.5e-06
1.125e-05
9.5e-06
8.25e-06
7e-06
7e-05
6.5000000000000004e-06
0.0002536
7.499999999999999e-06
6.75e-06
1.325e-05
9.25e-06
3.5333333333333336e-05
9.25e-06
6.250000000000001e-06
6.25e-06
8.5e-06
1.05e-05
5.500000000000001e-06
4.75e-06
5.2500000000000006e-06
7.499999999999999e-06
5.2500000000000006e-06
5.25e-06
7.5e-06
4.666666666666666e-06
6.25e-06
7.75e-06
1.575e-05
4e-06
8e-06
2.24e-05
1.0500000000000001e-05
1.275e-05
4.666666666666666e-06
7e-06
7e-06
7.499999999999999e-06
9.5e-06
6e-06
6e-06
1.4e-05
9.999999999999999e-06
1.1e-05
7e-06
6.5000000000000004e-06
9.499999999999999e-06
4.5e-06
4.08e-05
2.725e-05
8.249999999999999e-06
5.2500000000000006e-06
8.750000000000001e-06